image_file: "/home/collar/data/vanishing_data/1.png"
pcd_file: "/home/collar/data/vanishing_data/1.pcd"

camera:
    camera_inner: [1196.4418565730384, 0.0,      717.7188725924585,
                0.0,     1196.3710009482545,  581.0874277311857,
                0.0,     0.0,      1.0]
    # camera_distortion: [-0.09416244866122019, -0, -0.00018055391689027767, -3.122884805295416e-05, 0.0]
    # camera_distortion: [-0, -0, -0, 0, 0.0]
    camera_distortion: [-0.09416244866122019, 0.08403929739634683, -0.00018055391689027767, -3.122884805295416e-05, 0.0]



calib:
    depth_weight: 0
    ExtrinsicMat: [0 , -1 , 0 , 0 ,
                   -0 , 0  , -1 , 0. ,
                   1 , 0  , -0 , -0.,
                   0.0 , 0.0 , 0.0 , 1.0]
    # ExtrinsicMat: [0.00604422 , -0.999642 ,-0.0260457 , 0 ,
    #                -0.0104192 , 0.0259818  , -0.999608 , 0. ,
    #                0.999927 , 0.00631322  , -0.0102585 , -0.,
    #                0.0 , 0.0 , 0.0 , 1.0]
    # ExtrinsicMat: [-0.00297807 , -0.999653 , -0.0261653 , 0 ,
    #                -0.00497636 , 0.02618  , -0.999645, 0. ,
    #                0.999983 , -0.0028468  , -0.0050526 , -0.,
    #                0.0 , 0.0 , 0.0 , 1.0]
    # ExtrinsicMat: [-0.0109065 , -0.999575 , -0.0437761 , 0.0520589 ,
    # -0.0128285 , 0.0143179  , -0.999621, -0.0183831 ,
    # 0.99986 , -0.0105189  , -0.0131221 , -0.0104634,
    # 0.0 , 0.0 , 0.0 , 1.0]
    # ExtrinsicMat: [-0.00113207, -0.9999999 , 0.000504622 , 0.050166 ,
    #                -0.0158688 , -0.000486594  , -0.999874, 0.0474116 ,
    #                0.999873 , -0.00113994  , -0.0158682 , -0.0312415,
    #                0.0 , 0.0 , 0.0 , 1.0]
    # ExtrinsicMat: [-0.0125536, -0.999494 , -0.045726 , 0.0478825 ,
    #                -0.0148192 , 0.0160569  , -0.999544, -0.021977 ,
    #                0.999814 , -0.0120762  , -0.0151774 , -0.00854921,
    #                0.0 , 0.0 , 0.0 , 1.0]
    # # init_transform: [1.37502 , -1.59457 , 0.191213 , 0.0653545 , 0.0706324 , -0.05] #这个初始化的外参是 lidar to camera的 ， 以lidar为参考转化到camera坐标系下
    # init_transform: [1.41831 , -0.866233 , -0.478737 , 0.0653545 , 0.0706324 , -0.05]
    max_orig_lines_num: 300
    max_proj_lines_num: 300

