frame_num: 1

image_file0: "/home/collar/data/vanishing_data/used_for_calib.png"
pcd_file0: "/home/collar/data/vanishing_data/segment.pcd"

image_file1: "/home/collar/data/vanishing_data/30.png"
pcd_file1: "/home/collar/data/vanishing_data/30.pcd"

image_file2: "/home/collar/data/vanishing_data/36.png"
pcd_file2: "/home/collar/data/vanishing_data/36.pcd"

image_file3: "/home/collar/data/vanishing_data/43.png"
pcd_file3: "/home/collar/data/vanishing_data/43.pcd"

image_file4: "/home/collar/data/vanishing_data/19.png"
pcd_file4: "/home/collar/data/vanishing_data/19.pcd"
# image_file1: "/home/collar/data/vanishing_data/17.png"
# pcd_file1: "/home/collar/data/vanishing_data/17.pcd"

camera:
    camera_inner: [1201.8936815702275, 0.0,      739.7807181976664,
                0.0,     1202.4772314914144,  586.0631578174615,
                0.0,     0.0,      1.0]
    # camera_distortion: [-0, -0, -0, 0, 0.0]
    camera_distortion: [-0.09763070228741298, 0.08783924399747378, 0.0005938449882693059, -0.0005157171762805812, 0.0]



calib:
    depth_weight: 0.1
    ExtrinsicMat: [0 , 0 , 1 , 0 ,
                   -1 , 0  , 0 , 0. ,
                   0 , -1  , 0 , -0.,
                   0.0 , 0.0 , 0.0 , 1.0]
    # ExtrinsicMat: [0.00633139 , -0.999873 , -0.0146142 , 0.0442988 ,
    #                 -0.0115567 , 0.0145403  , -0.999827 , 0.0331367 ,
    #                 0.999913 , 0.00649919  , -0.0114631 , 0.0374356,
    #                 0.0 , 0.0 , 0.0 , 1.0]
    # ExtrinsicMat: [0.00604422 , -0.999642 ,-0.0260457 , 0.0712932 ,
    #                -0.0104192 , 0.0259818  , -0.999608 , -0.0320054 ,
    #                0.999927 , 0.00631322  , -0.0102585 , -0.00825895,
    #                0.0 , 0.0 , 0.0 , 1.0]
    # ExtrinsicMat: [-0.0108148 , -0.999843 , -0.0125521 , 0 ,
    #                -0.00629568 , 0.0172689  , -0.999844, 0. ,
    #                0.999921 , -0.0107357  , -0.00649304 , -0.,
    #                0.0 , 0.0 , 0.0 , 1.0]
    # ExtrinsicMat: [-0.0109065 , -0.999575 , -0.0437761 , 0.0520589 ,
    # -0.0128285 , 0.0143179  , -0.999621, -0.0183831 ,
    # 0.99986 , -0.0105189  , -0.0131221 , -0.0104634,
    # 0.0 , 0.0 , 0.0 , 1.0]
    # ExtrinsicMat: [-0.00113207, -0.9999999 , 0.000504622 , 0.050166 ,
    #                -0.0158688 , -0.000486594  , -0.999874, 0.0474116 ,
    #                0.999873 , -0.00113994  , -0.0158682 , -0.0312415,
    #                0.0 , 0.0 , 0.0 , 1.0]
    # ExtrinsicMat: [-0.0125536, -0.999494 , -0.045726 , 0.0478825 ,
    #                -0.0148192 , 0.0160569  , -0.999544, -0.021977 ,
    #                0.999814 , -0.0120762  , -0.0151774 , -0.00854921,
    #                0.0 , 0.0 , 0.0 , 1.0]
    # # init_transform: [1.37502 , -1.59457 , 0.191213 , 0.0653545 , 0.0706324 , -0.05] #这个初始化的外参是 lidar to camera的 ， 以lidar为参考转化到camera坐标系下
    # init_transform: [1.41831 , -0.866233 , -0.478737 , 0.0653545 , 0.0706324 , -0.05]
    max_orig_lines_num: 300
    max_proj_lines_num: 300
    line_length: 230

