这次测试修改了lsd的sigma参数提取直线

weight都是0.1

15  56 133 297 108   260 36 1 19
效果不错，略微偏右
 0.0309705  -0.999501 -0.0148044
-0.0117884  0.0084909  -0.999843
  0.999451  0.0310708 -0.0113307

   9.71645
-7.98139
-21.5753


16  228 97 11 20  55 8 1 2 
左上偏
 -0.0204754    -0.99984 -0.00743927
 -0.0516216 -0.00622441   -0.998712
   0.998461  -0.0206042  -0.0516989

     3.2265
-3.62057
 4.57206


 17  37 17 262 31   15 53 2 13 
绝佳   
 0.00435475    -1.00001 -0.00687247
 -0.0190299   0.0239115   -0.999371
   0.999811  0.00435586  -0.0189015

    5.75756
0.517187
-3.20069

18 25 3 143 63    71 4 5 9
还不错    18应该是记错了吧
   0.0104811     -1.00003   -0.0181095
 -0.00119701    0.0174073    -0.999606
    0.999945    0.0104865 -0.000868917

 8.18817   0
 4.17822   0
-8.57185   0  这是新参数得到的数据所以和老参数不一致


 19  9 275 209 39   10 30 4 198
偏上
-0.000196357    -0.999697   -0.0235355
  -0.0396579    0.0124155     -0.99915
    0.999213  0.000781667   -0.0396521

 4.55586   
5.83936
26.9343   

22 选择快递柜为主体   30 10 5 77    127 3 6（1） 38 
偏右，可以处理
  0.0117649   -0.999875 -0.00601322
  -0.022021   0.0213191   -0.999662
   0.999691    0.012029  -0.0218425

 5.98591
 2.38395
0.567773


38用70替换的话会偏上，可以做修正

23  239 48 19 100        85 66 5 76 
变成上下偏了   

-0.00252219   -0.999789 -0.00983101
 -0.0058239   0.0200923    -1.00011
    0.99998 -0.00237008 -0.00583415

     10.516
4.45784
-1.8597

新参数的,不是新参数，是有没有做直方图均衡化
134 72 3 33   85 51 5 76

-0.0113286  -0.999607 -0.0212467
 -0.013529  0.0171802  -0.999844
  0.999846 -0.0109737 -0.0136657

  11.9931
2.73245
3.70238


239 48 19(26) 100        85 66 5(4) 76  
[-0.00293677 , -0.999881 , -0.0151522 , 0.112502 ,
                    -0.0168262 , 0.0151995  , -0.999743 , 0.04 ,
                    0.999854 , -0.00268107  , -0.0168689 , -0.0272286,
                    0.0 , 0.0 , 0.0 , 1.0]
  ExtrinsicMat: [-0.00198128 , -0.999884 , -0.0151005 , 0.15 ,
                  -0.0143447 , 0.0151274  , -0.999783 , 0.04 ,
                  0.999895 , -0.00176424  , -0.014373 , -0.0385,
                  0.0 , 0.0 , 0.0 , 1.0]



29  weight是0
36 144 4 1   5 60 3 10

 -0.0141928   -0.999992  0.00505554
-0.00995286   0.0257389    -1.00016
   0.999848  -0.0140338  -0.0100236

  4.7478
0.682259
 2.14698
 

 30  weight 仍然保持0.1没有了之前第一次测试时候的问题
这组基本上完全吻合！绝佳
154 53 25 2    10 8 1 20 

0.00844305  -0.999681 -0.0172791
-0.0145124  0.0212268  -0.999834
  0.999859 0.00880413 -0.0143967

   0.861007
-0.840163
  6.69812

   1.13007
-1.10271
 8.79128忘记换长度了
从这里开始0.1的weight有点不够用了，所以改成weight1把30也再做一次
30  154 53 25 2    7 13 1 5  
也同样基本上完全一致了
 0.0115923  -0.999767 -0.0120358
-0.0140684   0.019485  -0.999863
  0.999834   0.011868 -0.0139311

    1.3396
-1.11091
 7.10142

 31  31 78 2 3  51 12 3 5 
 这组直线是选出来最好的，但是还是差一点，稍微左偏，选择长一点的直线也存在相同的问题，但是竖直方向的效果特别好

   0.0070223   -0.999879 -0.00691825
 -0.0116071   0.0167954   -0.999967
   0.999908  0.00722267  -0.0115625

   0.443371
-1.57679
 9.16316


 32 8 12 1 0     0 8 4（79） 1
左右比较好，上下大部分直线都偏下（选择比较长的几条直线）
 0.0173188  -0.999291 -0.0217176
-0.0215989  0.0163411  -0.999877
  0.999609  0.0181087 -0.0215722

  -2.68376
-1.25576
 10.6623

 33 110 18 3 4        2 7 14 1
 左右差一点 上下一会上一会下，比较适合平均处理

 0.00270658   -1.00004  -0.016164
-0.0276055  0.0166019    -0.9993
  0.999616 0.00285143 -0.0275308

  -0.619305
 0.559123
  13.8081

  加了一组 2 7 13 1 效果变好

 0.00484171   -0.999817  -0.0185154
0.000925885   0.0185201   -0.999828
   0.999988  0.00482374  0.00101538

     1.45832
0.0379784
  8.11866

  34 25 35 4 6      3 11 16 5

  大部分都左偏   

    0.0233366   -0.998927  -0.0656968
0.000376386   0.0187951   -0.999435
   0.999728   0.0233285  0.00129735

   -1.56715
 2.05351
 1.68925


 multi的策略暂时有点问题,已经进行修改了




36 weight 0.1 
  21 31 5 22           8 12 20 17（15） (第一组，有点左下偏，但是主要感觉z轴位置差不多 15感觉更好一点，结果记录也是15的)

   0.00307693   -0.999525  -0.0195458
-0.00172975   0.0217284    -1.00007
   0.999994  0.00313529 -0.00170687

    3.84051
 1.95226
-5.26801

  data: [0.00307693,   -0.999525,   -0.0195458,    0.0384051,
         -0.00172975,  0.0217284,  -1.00007,    0.0195226,
         0.999994,   0.00313529,    -0.00170687,    -0.0526801,
         0.0,   0.0,    0.0,    1.0]

37 7 5 55 16    2 9 0 1 暂时是最好的一组，适合用平均方法处理，上下偏

0.000155746   -0.999589  -0.0172665
 -0.0058889   0.0414021   -0.999753
   0.999983 0.000346535 -0.00588485

    4.5873
0.0743455
 -5.84163  


 38  26 18 1 12        7 8 0 1 左上偏 可能是直线长度不对？

  0.00283366   -0.999616  -0.0319217
-0.00226194   0.0206978   -0.999699
   0.999993  0.00289617 -0.00219071

    4.40439
 2.29589
-2.86124




41 这个不错，有偏上 有偏下，左右是好的，选择一下就好了（选的是原始相机图像上的）

82 28 1 14   6 12 1 0

  0.0138105   -0.999927 -0.00913088
 -0.0197486   0.0150945   -0.999586
   0.999713   0.0138503  -0.0194433

    2.06109
  1.0395
-1.67576

42  weight0.1 第一个电视机的数据  89（71） 9 11 30   5 2 1 30  挺好的


  0.0107726   -0.999714 -0.00952258
-0.00307478   0.0161853    -1.00018
   0.999937   0.0108624 -0.00310799

     5.32607
-0.282413
 -1.06011


    ExtrinsicMat: [0.00845239 , -0.999864 , -0.0141598 , 0.0486201 ,
                    -0.0013899 , 0.0141485  , -0.999899 , -0.00361777 ,
                    0.999963 , 0.00847122  , -0.00127012 , -0.00680103,
                    0.0 , 0.0 , 0.0 , 1.0]

      ExtrinsicMat: [0.00300618 , -0.999877 , -0.015391 , 0.0486201 ,
  -0.0015066 , 0.0153618  , -0.999837 , -0.00361777 ,
  0.99995 , 0.00315201  , -0.00145926 , -0.00680103,
  0.0 , 0.0 , 0.0 , 1.0]

 43  明显的左偏，但是这个方向上找不到更好的直线特征了

23 217 27 104      1 6 0 7 

-0.00922118    -1.00014  -0.0194806
 -0.0124002   0.0097386   -0.999688
    0.99988 -0.00922001   -0.012668

     4.81389
 1.01497
-3.83925

96 217 27 104   1 6 0 7（基本ok）
  217换108都是偏右上
23 108 27 104   1 6 0 7


49 15 77 20 3          30 0 5 20稍微右偏一点点
  0.0271679   -0.999412 -0.00698436
-0.00662754   0.0158047    -1.00029
   0.999605   0.0274096 -0.00695454

 2.21162
 1.62079
-5.83258
17 77 20 3    30 0 5 20 偏右一点点，可以折中

151 101 20 3   30 0 5 20正正好

  0.0176087   -0.999504  -0.0118186
-0.00647609   0.0158654    -1.00022
   0.999822    0.017839 -0.00660229

    4.3061
 1.20484
-4.92508


不做直方图均衡化
8 13 44 15    11 3 5 20 


  0.00152608    -0.999559   -0.0234646
-0.000270604    0.0169925    -0.999975
    0.999999   0.00153429 -0.000255355

 5.46408
0.190426
-1.86167







17&18

[ INFO] [1704174326.673907433]: The rotation angle between lidar and camera is: 

  0.0124049   -0.999797  -0.0159041
-0.00937905   0.0157883   -0.999831
   0.999879    0.012552 -0.00918129
[ INFO] [1704174326.673980953]: The rotation angle between lidar and camera is: 

  2.49421
 -1.58635
-0.939266
[ INFO] [1704174326.674009914]: The transpose between lidar and camera is : 

 5.50221
0.782362
-3.39516


30&31
residual选择19 1 3 2 

0 5 8 1
[ INFO] [1704175526.187186293]: The rotation angle between lidar and camera is: 

  0.0118841   -0.999847  -0.0128491
-0.00761732   0.0127591    -0.99989
     0.9999   0.0119807 -0.00746452


0.495238
-1.47369904
8.81820952

30&31&33

[ INFO] [1704177227.011459399]: The rotation angle between lidar and camera is: 

 0.00979441   -0.999821  -0.0161612
-0.00575674   0.0161054   -0.999854
   0.999935  0.00988601 -0.00559797
[ INFO] [1704177227.011543645]: The rotation angle between lidar and camera is: 

 2.61022
-1.58216
-1.05556
[ INFO] [1704177227.011591798]: The transpose between lidar and camera is : 

0.925041
-0.92628
 7.84077



36&37&38

[ INFO] [1704178415.744288474]: The rotation angle between lidar and camera is: 

 0.00331942   -0.999739  -0.0226134
-0.00207981   0.0226066   -0.999742
   0.999992  0.00336559 -0.00200422
[ INFO] [1704178415.744351666]: The rotation angle between lidar and camera is: 

 2.58187
-1.57471
-1.03369
[ INFO] [1704178415.744411012]: The transpose between lidar and camera is : 

 4.30076
 2.01674
-5.05407


42&43

 [ INFO] [1704183436.687142637]: The rotation angle between lidar and camera is: 

 0.00531417   -0.999889  -0.0139546
-0.00447812   0.0139309   -0.999893
   0.999976  0.00537609 -0.00440359
[ INFO] [1704183436.687230871]: The rotation angle between lidar and camera is: 

  2.44137
 -1.57775
-0.884513
[ INFO] [1704183436.687288984]: The transpose between lidar and camera is : 

 4.86409
0.252391
 -2.1291



 4场景混合

 [ INFO] [1704282708.367994884]: The rotation angle between lidar and camera is: 

 0.00831256   -0.999804  -0.0179796
-0.00685577   0.0179228   -0.999816
   0.999942   0.0084343 -0.00670544
[ INFO] [1704282708.368067074]: The rotation angle between lidar and camera is: 

  2.45194
 -1.58157
-0.899099
[ INFO] [1704282708.368091849]: The transpose between lidar and camera is : 

 4.33356
0.951103
 -2.7086

 [ INFO] [1704468152.756597356]: The rotation angle between lidar and camera is: 

 0.0107544  -0.999808  -0.016354
-0.0105428  0.0162407  -0.999813
  0.999887  0.0109248 -0.0103661
[ INFO] [1704468152.756679299]: The rotation angle between lidar and camera is: 

  2.36613
 -1.58586
-0.811633
[ INFO] [1704468152.756696100]: The transpose between lidar and camera is : 

  4.48173
 0.243857
-0.889006
