15      单组点向左偏    ExtrinsicMat: [-0.0303019 , -0.999131 , -0.0335571 , 0 ,
                    -0.0261988 , 0.0138643  , -0.999497 , 0. ,
                    0.99921 , -0.0295331  , -0.0267342 , -0.,
                    0.0 , 0.0 , 0.0 , 1.0]

        多组点也左偏     ExtrinsicMat: [-0.0238463 , -0.999359 , -0.026698 , 0 ,
                    0.00599627 , 0.0265621  , -0.999629 , 0. ,
                    0.999698 , -0.0239976  , 0.00535902 , -0.,
                    0.0 , 0.0 , 0.0 , 1.0]

         单组点上偏 26 269 180 108   5 102 0 63 

          0.00894989   -0.999913 -0.00440898
 -0.0400619    0.010075   -0.999231
   0.999156  0.00945741  -0.0400468

    13.1908
-7.41936
-10.6214
16      左偏    ExtrinsicMat: [-0.0330704 , -0.99956 , -0.0251886 , 0 ,
                    -0.0150023 , 0.0114225  , -0.99963 , 0. ,
                    0.999339 , -0.032944  , -0.0159262 , -0.,
                    0.0 , 0.0 , 0.0 , 1.0]

         单组左下偏 43 180 12 3    29 3 1 12
         -0.0464181  -0.998317 -0.0373426
0.00309624 0.00994363  -0.999921
  0.998913 -0.0465379  0.0025139

0.0514174
 -3.01046
-0.465136

17      上下差一点,这组数据的直线特征好很多     ExtrinsicMat: [-0.00841127 , -0.99988 , -0.0228352 , 0.050166 ,
                    -0.0363548 , 0.00718882  , -0.999258 , 0.0474116 ,
                    0.999306 , -0.00785646  , -0.0364717 , -0.0312415,
                    0.0 , 0.0 , 0.0 , 1.0] 

         仍然是上下差一点 3 27 28 35   9 64 1 13 
         0.00890232  -0.999983 -0.0117063
-0.0210769 0.00766683  -0.999689
  0.999739 0.00898357 -0.0209381

     5.73737
-0.0141503
  -5.02159
16&17 接近lcc         ExtrinsicMat: [-0.00909539 , -0.999834 , -0.0158188 , 0 ,
                    -0.0234165 , 0.0160281  , -0.999597 , 0 ,
                    0.999684 , -0.00872131  , -0.0235584 , -0,
                    0.0 , 0.0 , 0.0 , 1.0]

18      直线特征提取结果也不错  上偏    ExtrinsicMat: [-0.00832433 , -1.00007 , -0.00731777 , 0 ,
                    -0.0379429 , -0.00639501  , -0.999371 , 0 ,
                    0.999244 , -0.00870354  , -0.0380384 , -0,
                    0.0 , 0.0 , 0.0 , 1.0]
         仍然是上下差一点  

         基本上标准了，只是查了一点点旋转  208 38 129 60    8 4 9 27  
          0.0272663  -0.999778 -0.0153276
-0.0246083 0.00244867  -0.999651
  0.999329  0.0272107 -0.0240582

 12.1433
4.64746
-14.654 

从19开始目标距离就比较远了，这是误差变大的第一原因
19      左上偏 图像的上边缘提取变差  -0.0166427  -0.999806 -0.0105931
-0.0357862 0.00706718  -0.999334
  0.999223 -0.0162554 -0.0358984

  稍微左偏 9 51 269 1   5 11 4 47

   -0.0134445   -0.999842  -0.0138727
 -0.0744206 -0.00101206   -0.997229
    0.99715  -0.0125298  -0.0744281

      7.9259
-2.58407
 8.35325

20     效果比较差 朝左上差的比较多  -0.0881728   -0.995978 -0.00892333
 -0.0661813   0.0226485   -0.997773
   0.993916  -0.0867232  -0.0670572

   没有提取到对应的直线，这组数据应该会舍弃

21     效果比较差 朝左下偏 -0.0339688  -0.999251 -0.0165418
 0.0855072  0.0157032  -0.996247
  0.995758 -0.0354374  0.0849853

  和20一样，距离太远了，误差有点大


22 选择快递柜为主主体 左下偏 -0.00544521   -0.999704  -0.0152968
 0.00526338   0.0266111   -0.999918
   0.999971 -0.00558067  0.00517668
   有一边提取的是遮挡物，不知道对于准确性的影响大不大

   左上偏 8 27 36 54  57 107 0 88  
    -0.021493  -0.999132 -0.0224865
-0.0195715  0.0211479  -0.999946
  0.999585 -0.0207164 -0.0196556

    2.95545
  2.05353
-0.863693

23 顺着快递柜朝左偏 但感觉不错， camera里边有一边快递柜提取不到，所以选择了快递柜表面上的直线特征作为标定时使用的直线

-0.00703062   -0.999212   -0.024991
 0.00743282   0.0204367    -1.00013
   0.999946 -0.00735174  0.00741656

找不到之前这组数据的直线了，现在新的是207 15 24 243      144 51 7 69

 -0.00123191    -0.999967  -0.00782043
 -0.00025033    0.0216159    -0.999772
    0.999999  -0.00122971 -0.000276653 但是由于直线不匹配，所以不能算出来位移向量

快递柜标定数据结束

24\25\26 数据提取不到有效的一组直线特征，旋转矩阵倒是可以计算

27 空调 左上偏的比较严重可能是由于第一个方向上的向量计算不准确造成的   -0.0512071   -0.998552  -0.0192566
 -0.0996029 -0.00218215   -0.995031
   0.993828  -0.0493072  -0.0995031

   效果还是很差，可能需要放弃

28 可能是强度差异不够大，也提取不到相应的直线特征，单纯使用深度也不太好
29  效果也不错，单帧顺着墙左下偏 -0.00540975   -0.999842  -0.0163398
0.000554591   0.0313549   -0.999526
   0.999985 -0.00541704 0.000388027


   没找到之前的直线   但效果还可以  17 2 13 0       44 9 61 1 
  0.027115  -0.999555 -0.0100584
-0.0202265   0.020535   -0.99964
  0.999432  0.0273628 -0.0197352


 7.36167
 1.36063
-13.8953



开始地图牌子数据

30 暂时提取不到足够的特征，不知道什么情况

用深度去提取，效果好很多 偏左上 153 48 14 7   0 17 1 4 

-0.000386266    -0.999739   -0.0199477
  -0.0286659    0.0170511    -0.999496
    0.999589  0.000274626   -0.0286662

    -0.583567
 -1.64955
  9.73759

31 稍偏左，但结果还可以 -0.00304973   -0.999711  -0.0200767
-0.00642328   0.0251947   -0.999765
   0.999975 -0.00289341 -0.00648634



32 偏左下 -0.00719536    -0.99929  -0.0441869
   0.033533   0.0260802   -0.998925
   0.999409 -0.00844966    0.033267


   基本上是准的，缺点横滚上的翻转 1 12 2 0      0 8 1 3

   0.00439514   -0.99949 -0.0389338
 0.0122121  0.0226716  -0.999518
  0.999916 0.00399923  0.0123323

  -1.92402
-1.75563
 2.58395

33 结果比较差 朝左而且绕竖直方向转动很大   -0.057972   -0.998106   0.0164981
-0.00531751  0.00629671   -0.999937
   0.998294  -0.0581042  -0.0059431

   左下偏  36 8 6 2    10 1 11 0

   -0.0295136  -0.999579 0.00341214
  0.022555  0.0241946  -0.999599
  0.999324 -0.0295641  0.0220145

   -1.2763
-1.82685
 12.1866

34 朝左上偏转  0.0216467  -0.997987 -0.0774981
-0.0278676 0.00876958  -0.999434
  0.999344  0.0233911 -0.0272851

  朝左下偏转 24 2 10 0   24 2 10 0

  -0.0157128  -0.999972 -0.0236749
 0.0382238  0.0277263  -0.998445
  0.999158 -0.0159995  0.0375366

   -3.28837
-0.623268
  4.65333